Input source 1: random number

alpha	     linear    double
-----------------------------
0.5        1.509     1.445
0.6	       1.772     1.609
0.7	       2.160     1.861 
0.8	       3.038     2.222
0.9	       5.550     2.927
0.95	     9.770     3.682
0.98	    25.680     4.650
0.99	    40.924     5.446


Input6 source 2: current time

alpha        linear    double
-----------------------------
0.5          1.0       1.0
0.6          1.0       1.0
0.7          1.0       1.0
0.8          1.0       1.0
0.9          1.0       1.0
0.95         1.0       1.0
0.98         1.0       1.0
0.99         1.0       1.0 


Input source 3: word-list

alpha        linear    double
-----------------------------
0.5          1.597     1.390
0.6	         2.149     1.534
0.7	         3.604     1.721
0.8	         6.708     2.016
0.9	        19.815     2.569 
0.95	     110.594     3.186 
0.98	     324.206     4.020
0.99	     471.671     4.696